local overlay = Instance.new("Part")
overlay.Name = "Overlay"
overlay.Anchored = true
overlay.BottomSurface = Enum.SurfaceType.Smooth
overlay.CFrame = CFrame.new(
	16.3083801,
	13.1309309,
	58.5293732,
	-0.99971348,
	0.000377429998,
	0.0239334051,
	0,
	0.999875665,
	-0.0157680474,
	-0.0239363797,
	-0.0157635286,
	-0.999589205
)
overlay.CanCollide = false
overlay.Locked = true
overlay.Massless = true
overlay.Rotation = Vector3.new(179, 1.37, -180)
overlay.Size = Vector3.new(4, 2.75, 0.506)
overlay.TopSurface = Enum.SurfaceType.Smooth
overlay.Transparency = 1

local x = Instance.new("Attachment")
x.Name = "X"
x.CFrame = CFrame.new(-1.59519196, 0.983722687, -0.624736309, 1, 0, -0, 0, 1, 1.4901163e-08, 0, -1.4901163e-08, 1)
x.SecondaryAxis = Vector3.new(0, 1, -1.49e-08)
x.WorldAxis = Vector3.new(-1, 0, -0.0239)
x.WorldCFrame = CFrame.new(
	17.8885345,
	14.124382,
	59.1765289,
	-0.99971348,
	0.000377429649,
	0.0239334051,
	0,
	0.999875665,
	-0.0157680325,
	-0.0239363797,
	-0.0157635137,
	-0.999589205
)
x.WorldSecondaryAxis = Vector3.new(0.000377, 1, -0.0158)
x.Parent = overlay

local y = Instance.new("Attachment")
y.Name = "Y"
y.CFrame = CFrame.new(1.69730377, 0.983720779, -0.624734163, 1, 0, -0, 0, 1, 1.4901163e-08, 0, -1.4901163e-08, 1)
y.SecondaryAxis = Vector3.new(0, 1, -1.49e-08)
y.WorldAxis = Vector3.new(-1, 0, -0.0239)
y.WorldCFrame = CFrame.new(
	14.596982,
	14.1243801,
	59.0977173,
	-0.99971348,
	0.000377429649,
	0.0239334051,
	0,
	0.999875665,
	-0.0157680325,
	-0.0239363797,
	-0.0157635137,
	-0.999589205
)
y.WorldSecondaryAxis = Vector3.new(0.000377, 1, -0.0158)
y.Parent = overlay

local yi = Instance.new("Attachment")
yi.Name = "Yi"
yi.CFrame = CFrame.new(1.6973114, -1.03231049, -0.624736071, 1, 0, -0, 0, 1, 1.4901163e-08, 0, -1.4901163e-08, 1)
yi.SecondaryAxis = Vector3.new(0, 1, -1.49e-08)
yi.WorldAxis = Vector3.new(-1, 0, -0.0239)
yi.WorldCFrame = CFrame.new(
	14.5962133,
	12.1085997,
	59.1294975,
	-0.99971348,
	0.000377429649,
	0.0239334051,
	0,
	0.999875665,
	-0.0157680325,
	-0.0239363797,
	-0.0157635137,
	-0.999589205
)
yi.WorldSecondaryAxis = Vector3.new(0.000377, 1, -0.0158)
yi.Parent = overlay

local xi = Instance.new("Attachment")
xi.Name = "Xi"
xi.CFrame = CFrame.new(1.6973114, -1.03231049, -0.624736071, 1, 0, -0, 0, 1, 1.4901163e-08, 0, -1.4901163e-08, 1)
xi.SecondaryAxis = Vector3.new(0, 1, -1.49e-08)
xi.WorldAxis = Vector3.new(-1, 0, -0.0239)
xi.WorldCFrame = CFrame.new(
	14.5962133,
	12.1085997,
	59.1294975,
	-0.99971348,
	0.000377429649,
	0.0239334051,
	0,
	0.999875665,
	-0.0157680325,
	-0.0239363797,
	-0.0157635137,
	-0.999589205
)
xi.WorldSecondaryAxis = Vector3.new(0.000377, 1, -0.0158)
xi.Parent = overlay

local xs = Instance.new("Attachment")
xs.Name = "Xs"
xs.CFrame = CFrame.new(1.6973114, -1.03231049, -0.624736071, 1, 0, -0, 0, 1, 1.4901163e-08, 0, -1.4901163e-08, 1)
xs.SecondaryAxis = Vector3.new(0, 1, -1.49e-08)
xs.WorldAxis = Vector3.new(-1, 0, -0.0239)
xs.WorldCFrame = CFrame.new(
	14.5962133,
	12.1085997,
	59.1294975,
	-0.99971348,
	0.000377429649,
	0.0239334051,
	0,
	0.999875665,
	-0.0157680325,
	-0.0239363797,
	-0.0157635137,
	-0.999589205
)
xs.WorldSecondaryAxis = Vector3.new(0.000377, 1, -0.0158)
xs.Parent = overlay

local ysi = Instance.new("Attachment")
ysi.Name = "Ysi"
ysi.CFrame = CFrame.new(1.6973114, -1.03231049, -0.624736071, 1, 0, -0, 0, 1, 1.4901163e-08, 0, -1.4901163e-08, 1)
ysi.SecondaryAxis = Vector3.new(0, 1, -1.49e-08)
ysi.WorldAxis = Vector3.new(-1, 0, -0.0239)
ysi.WorldCFrame = CFrame.new(
	14.5962133,
	12.1085997,
	59.1294975,
	-0.99971348,
	0.000377429649,
	0.0239334051,
	0,
	0.999875665,
	-0.0157680325,
	-0.0239363797,
	-0.0157635137,
	-0.999589205
)
ysi.WorldSecondaryAxis = Vector3.new(0.000377, 1, -0.0158)
ysi.Parent = overlay

local ys = Instance.new("Attachment")
ys.Name = "Ys"
ys.CFrame = CFrame.new(1.6973114, -1.03231049, -0.624736071, 1, 0, -0, 0, 1, 1.4901163e-08, 0, -1.4901163e-08, 1)
ys.SecondaryAxis = Vector3.new(0, 1, -1.49e-08)
ys.WorldAxis = Vector3.new(-1, 0, -0.0239)
ys.WorldCFrame = CFrame.new(
	14.5962133,
	12.1085997,
	59.1294975,
	-0.99971348,
	0.000377429649,
	0.0239334051,
	0,
	0.999875665,
	-0.0157680325,
	-0.0239363797,
	-0.0157635137,
	-0.999589205
)
ys.WorldSecondaryAxis = Vector3.new(0.000377, 1, -0.0158)
ys.Parent = overlay

local xsi = Instance.new("Attachment")
xsi.Name = "Xsi"
xsi.CFrame = CFrame.new(1.6973114, -1.03231049, -0.624736071, 1, 0, -0, 0, 1, 1.4901163e-08, 0, -1.4901163e-08, 1)
xsi.SecondaryAxis = Vector3.new(0, 1, -1.49e-08)
xsi.WorldAxis = Vector3.new(-1, 0, -0.0239)
xsi.WorldCFrame = CFrame.new(
	14.5962133,
	12.1085997,
	59.1294975,
	-0.99971348,
	0.000377429649,
	0.0239334051,
	0,
	0.999875665,
	-0.0157680325,
	-0.0239363797,
	-0.0157635137,
	-0.999589205
)
xsi.WorldSecondaryAxis = Vector3.new(0.000377, 1, -0.0158)
xsi.Parent = overlay

local xsii = Instance.new("Attachment")
xsii.Name = "Xsii"
xsii.CFrame = CFrame.new(1.6973114, -1.03231049, -0.624736071, 1, 0, -0, 0, 1, 1.4901163e-08, 0, -1.4901163e-08, 1)
xsii.SecondaryAxis = Vector3.new(0, 1, -1.49e-08)
xsii.WorldAxis = Vector3.new(-1, 0, -0.0239)
xsii.WorldCFrame = CFrame.new(
	14.5962133,
	12.1085997,
	59.1294975,
	-0.99971348,
	0.000377429649,
	0.0239334051,
	0,
	0.999875665,
	-0.0157680325,
	-0.0239363797,
	-0.0157635137,
	-0.999589205
)
xsii.WorldSecondaryAxis = Vector3.new(0.000377, 1, -0.0158)
xsii.Parent = overlay

local xsiii = Instance.new("Attachment")
xsiii.Name = "Xsiii"
xsiii.CFrame = CFrame.new(1.6973114, -1.03231049, -0.624736071, 1, 0, -0, 0, 1, 1.4901163e-08, 0, -1.4901163e-08, 1)
xsiii.SecondaryAxis = Vector3.new(0, 1, -1.49e-08)
xsiii.WorldAxis = Vector3.new(-1, 0, -0.0239)
xsiii.WorldCFrame = CFrame.new(
	14.5962133,
	12.1085997,
	59.1294975,
	-0.99971348,
	0.000377429649,
	0.0239334051,
	0,
	0.999875665,
	-0.0157680325,
	-0.0239363797,
	-0.0157635137,
	-0.999589205
)
xsiii.WorldSecondaryAxis = Vector3.new(0.000377, 1, -0.0158)
xsiii.Parent = overlay

local ysii = Instance.new("Attachment")
ysii.Name = "Ysii"
ysii.CFrame = CFrame.new(1.6973114, -1.03231049, -0.624736071, 1, 0, -0, 0, 1, 1.4901163e-08, 0, -1.4901163e-08, 1)
ysii.SecondaryAxis = Vector3.new(0, 1, -1.49e-08)
ysii.WorldAxis = Vector3.new(-1, 0, -0.0239)
ysii.WorldCFrame = CFrame.new(
	14.5962133,
	12.1085997,
	59.1294975,
	-0.99971348,
	0.000377429649,
	0.0239334051,
	0,
	0.999875665,
	-0.0157680325,
	-0.0239363797,
	-0.0157635137,
	-0.999589205
)
ysii.WorldSecondaryAxis = Vector3.new(0.000377, 1, -0.0158)
ysii.Parent = overlay

local ysiii = Instance.new("Attachment")
ysiii.Name = "Ysiii"
ysiii.CFrame = CFrame.new(1.6973114, -1.03231049, -0.624736071, 1, 0, -0, 0, 1, 1.4901163e-08, 0, -1.4901163e-08, 1)
ysiii.SecondaryAxis = Vector3.new(0, 1, -1.49e-08)
ysiii.WorldAxis = Vector3.new(-1, 0, -0.0239)
ysiii.WorldCFrame = CFrame.new(
	14.5962133,
	12.1085997,
	59.1294975,
	-0.99971348,
	0.000377429649,
	0.0239334051,
	0,
	0.999875665,
	-0.0157680325,
	-0.0239363797,
	-0.0157635137,
	-0.999589205
)
ysiii.WorldSecondaryAxis = Vector3.new(0.000377, 1, -0.0158)
ysiii.Parent = overlay

local ysiiii = Instance.new("Attachment")
ysiiii.Name = "Ysiiii"
ysiiii.CFrame = CFrame.new(1.6973114, -1.03231049, -0.624736071, 1, 0, -0, 0, 1, 1.4901163e-08, 0, -1.4901163e-08, 1)
ysiiii.SecondaryAxis = Vector3.new(0, 1, -1.49e-08)
ysiiii.WorldAxis = Vector3.new(-1, 0, -0.0239)
ysiiii.WorldCFrame = CFrame.new(
	14.5962133,
	12.1085997,
	59.1294975,
	-0.99971348,
	0.000377429649,
	0.0239334051,
	0,
	0.999875665,
	-0.0157680325,
	-0.0239363797,
	-0.0157635137,
	-0.999589205
)
ysiiii.WorldSecondaryAxis = Vector3.new(0.000377, 1, -0.0158)
ysiiii.Parent = overlay

local ysiiiii = Instance.new("Attachment")
ysiiiii.Name = "Ysiiiii"
ysiiiii.CFrame = CFrame.new(1.6973114, -1.03231049, -0.624736071, 1, 0, -0, 0, 1, 1.4901163e-08, 0, -1.4901163e-08, 1)
ysiiiii.SecondaryAxis = Vector3.new(0, 1, -1.49e-08)
ysiiiii.WorldAxis = Vector3.new(-1, 0, -0.0239)
ysiiiii.WorldCFrame = CFrame.new(
	14.5962133,
	12.1085997,
	59.1294975,
	-0.99971348,
	0.000377429649,
	0.0239334051,
	0,
	0.999875665,
	-0.0157680325,
	-0.0239363797,
	-0.0157635137,
	-0.999589205
)
ysiiiii.WorldSecondaryAxis = Vector3.new(0.000377, 1, -0.0158)
ysiiiii.Parent = overlay

return overlay
